0.0 0.9913294797687862
0.05 0.9932497589199615
0.1 0.9932562620423893
0.15000000000000002 0.9932497589199615
0.2 0.9932497589199615
0.25 0.9932497589199615
0.30000000000000004 0.9932497589199615
0.35000000000000003 0.9932497589199615
0.4 0.9932562620423893
0.45 0.9923002887391723
0.5 0.9923002887391723
0.55 0.9913461538461539
0.6000000000000001 0.9913461538461539
0.65 0.9903938520653218
0.7000000000000001 0.9913461538461539
0.75 0.9913461538461539
0.8 0.9913461538461539
0.8500000000000001 0.9913461538461539
0.9 0.9913461538461539
0.9500000000000001 0.9913461538461539
1.0 0.9913461538461539
