0.0 0.9913294797687862
0.05 0.9932562620423893
0.1 0.9903846153846154
0.15000000000000002 0.9913127413127413
0.2 0.9865513928914506
0.25 0.987487969201155
0.30000000000000004 0.9855351976856316
0.35000000000000003 0.9845857418111753
0.4 0.9845857418111753
0.45 0.9855351976856316
0.5 0.9864734299516909
0.55 0.9845708775313404
0.6000000000000001 0.9845708775313404
0.65 0.9845708775313404
0.7000000000000001 0.9836223506743738
0.75 0.9845708775313404
0.8 0.9845708775313404
0.8500000000000001 0.9845559845559846
0.9 0.9836065573770492
0.9500000000000001 0.9835748792270531
1.0 0.9835748792270531
1.05 0.9826254826254827
